           0           0           0           0
           1           0           0           1
           2           0           0           2
           3           0           0           3
           4           0           1           0
           5           0           1           1
           6           0           1           2
           7           0           1           3
           8           0           2           0
           9           0           2           1
          10           0           2           2
          11           0           2           3
          12           1           0           0
          13           1           0           1
          14           1           0           2
          15           1           0           3
          16           1           1           0
          17           1           1           1
          18           1           1           2
          19           1           1           3
          20           1           2           0
          21           1           2           1
          22           1           2           2
          23           1           2           3
          24           2           0           0
          25           2           0           1
          26           2           0           2
          27           2           0           3
          28           2           1           0
          29           2           1           1
          30           2           1           2
          31           2           1           3
          32           2           2           0
          33           2           2           1
          34           2           2           2
          35           2           2           3
          36           3           0           0
          37           3           0           1
          38           3           0           2
          39           3           0           3
          40           3           1           0
          41           3           1           1
          42           3           1           2
          43           3           1           3
          44           3           2           0
          45           3           2           1
          46           3           2           2
          47           3           2           3
          48           4           0           0
          49           4           0           1
          50           4           0           2
          51           4           0           3
          52           4           1           0
          53           4           1           1
          54           4           1           2
          55           4           1           3
          56           4           2           0
          57           4           2           1
          58           4           2           2
          59           4           2           3
          60           5           0           0
          61           5           0           1
          62           5           0           2
          63           5           0           3
          64           5           1           0
          65           5           1           1
          66           5           1           2
          67           5           1           3
          68           5           2           0
          69           5           2           1
          70           5           2           2
          71           5           2           3
          72           6           0           0
          73           6           0           1
          74           6           0           2
          75           6           0           3
          76           6           1           0
          77           6           1           1
          78           6           1           2
          79           6           1           3
          80           6           2           0
          81           6           2           1
          82           6           2           2
          83           6           2           3
          84           7           0           0
          85           7           0           1
          86           7           0           2
          87           7           0           3
          88           7           1           0
          89           7           1           1
          90           7           1           2
          91           7           1           3
          92           7           2           0
          93           7           2           1
          94           7           2           2
          95           7           2           3
